7.000000000000000000e+02 1.582687066507871343e+01
7.010000000000000000e+02 1.584790870377786121e+01
7.020000000000000000e+02 1.586896070546547222e+01
7.030000000000000000e+02 1.586952340992201016e+01
7.040000000000000000e+02 1.589058937459808796e+01
7.050000000000000000e+02 1.590140370916439672e+01
7.060000000000000000e+02 1.591221804373070547e+01
7.070000000000000000e+02 1.592303237829701246e+01
7.080000000000000000e+02 1.594413325044425278e+01
7.090000000000000000e+02 1.595495456650479404e+01
7.100000000000000000e+02 1.596577588256533531e+01
7.110000000000000000e+02 1.598690468068950743e+01
7.120000000000000000e+02 1.599773297824427942e+01
7.130000000000000000e+02 1.600856127579905319e+01
7.140000000000000000e+02 1.601938957335382696e+01
7.150000000000000000e+02 1.604055327894916161e+01
7.160000000000000000e+02 1.604104616846337450e+01
7.170000000000000000e+02 1.606222383704717060e+01
7.180000000000000000e+02 1.607305911609617866e+01
7.190000000000000000e+02 1.608389439514518315e+01
7.200000000000000000e+02 1.610509998970591283e+01
7.210000000000000000e+02 1.611594225024915517e+01
7.220000000000000000e+02 1.612678451079239039e+01
7.230000000000000000e+02 1.613762677133562917e+01
7.240000000000000000e+02 1.615886727336751960e+01
7.250000000000000000e+02 1.616971651540499266e+01
7.260000000000000000e+02 1.618056575744246572e+01
7.270000000000000000e+02 1.620183418545128973e+01
7.280000000000000000e+02 1.621269040898299352e+01
7.290000000000000000e+02 1.622354663251469375e+01
7.300000000000000000e+02 1.623440285604640110e+01
7.310000000000000000e+02 1.625570619152638585e+01
7.320000000000000000e+02 1.625611530310980868e+01
7.330000000000000000e+02 1.627743260157825844e+01
7.340000000000000000e+02 1.629876386303516966e+01
7.350000000000000000e+02 1.629915901163013103e+01
7.360000000000000000e+02 1.632050423607551437e+01
7.370000000000000000e+02 1.633137442259567962e+01
7.380000000000000000e+02 1.634224460911585197e+01
7.390000000000000000e+02 1.635311479563601722e+01
7.400000000000000000e+02 1.637449492755256131e+01
7.410000000000000000e+02 1.638537209556696439e+01
7.420000000000000000e+02 1.639624926358136747e+01
7.430000000000000000e+02 1.641765732147484158e+01
7.440000000000000000e+02 1.641800359961017008e+01
7.450000000000000000e+02 1.643942562049210920e+01
7.460000000000000000e+02 1.646086160436251689e+01
7.470000000000000000e+02 1.646119391950938038e+01
7.480000000000000000e+02 1.648264386636824952e+01
7.490000000000000000e+02 1.649353499737111406e+01
7.500000000000000000e+02 1.650442612837398570e+01
7.510000000000000000e+02 1.651531725937685025e+01
7.520000000000000000e+02 1.653680211370688369e+01
7.530000000000000000e+02 1.654770022620398251e+01
7.540000000000000000e+02 1.655859833870108133e+01
7.550000000000000000e+02 1.658011111900804480e+01
7.560000000000000000e+02 1.658039456369528253e+01
7.570000000000000000e+02 1.660192130699071100e+01
7.580000000000000000e+02 1.662346201327460449e+01
7.590000000000000000e+02 1.662373149497337721e+01
7.600000000000000000e+02 1.664528616424573215e+01
7.610000000000000000e+02 1.665619823973130309e+01
7.620000000000000000e+02 1.666711031521686692e+01
7.630000000000000000e+02 1.667802239070243076e+01
7.640000000000000000e+02 1.668893446618799459e+01
7.650000000000000000e+02 1.671053102442574811e+01
7.660000000000000000e+02 1.672145008140554978e+01
7.670000000000000000e+02 1.673236913838534434e+01
7.680000000000000000e+02 1.674328819536514246e+01
7.690000000000000000e+02 1.676491966107406029e+01
7.700000000000000000e+02 1.677584569954809268e+01
7.710000000000000000e+02 1.678677173802212153e+01
7.720000000000000000e+02 1.680843112970796938e+01
7.730000000000000000e+02 1.680862381497018276e+01
7.740000000000000000e+02 1.683029716964449563e+01
7.750000000000000000e+02 1.684123018961275520e+01
7.760000000000000000e+02 1.685216320958101832e+01
7.770000000000000000e+02 1.687386449023226476e+01
7.780000000000000000e+02 1.687402924951754812e+01
7.790000000000000000e+02 1.689574449315725246e+01
7.800000000000000000e+02 1.691747369978542537e+01
7.810000000000000000e+02 1.691762449608224372e+01
7.820000000000000000e+02 1.693936766569888519e+01
7.830000000000000000e+02 1.695031464865561333e+01
7.840000000000000000e+02 1.696126163161233791e+01
7.850000000000000000e+02 1.698303272720590940e+01
7.860000000000000000e+02 1.698315559752579418e+01
7.870000000000000000e+02 1.700494065610783423e+01
7.880000000000000000e+02 1.701589462055879309e+01
7.890000000000000000e+02 1.702684858500975196e+01
7.900000000000000000e+02 1.704866156956871492e+01
7.910000000000000000e+02 1.705962251551390807e+01
7.920000000000000000e+02 1.707058346145910477e+01
7.930000000000000000e+02 1.708154440740429791e+01
7.940000000000000000e+02 1.709250535334948751e+01
7.950000000000000000e+02 1.711436022687384906e+01
7.960000000000000000e+02 1.712532815431327649e+01
7.970000000000000000e+02 1.713629608175270391e+01
7.980000000000000000e+02 1.714726400919212779e+01
7.990000000000000000e+02 1.716915379018765364e+01
8.000000000000000000e+02 1.718012869912131180e+01
8.010000000000000000e+02 1.719110360805496995e+01
8.020000000000000000e+02 1.720207851698862811e+01
8.030000000000000000e+02 1.722400320545531827e+01
8.040000000000000000e+02 1.723498509588320715e+01
8.050000000000000000e+02 1.724596698631109959e+01
8.060000000000000000e+02 1.725694887673898847e+01
8.070000000000000000e+02 1.727890847267683938e+01
8.080000000000000000e+02 1.728989734459896255e+01
8.090000000000000000e+02 1.730088621652108571e+01
8.100000000000000000e+02 1.731187508844320888e+01
8.110000000000000000e+02 1.732286396036533205e+01
8.120000000000000000e+02 1.734486544526858154e+01
8.130000000000000000e+02 1.735586129868493543e+01
8.140000000000000000e+02 1.736685715210128933e+01
8.150000000000000000e+02 1.737785300551765033e+01
8.160000000000000000e+02 1.739988939789205702e+01
8.170000000000000000e+02 1.741089223280264520e+01
8.180000000000000000e+02 1.742189506771323693e+01
8.190000000000000000e+02 1.743289790262382510e+01
8.200000000000000000e+02 1.744390073753441328e+01
8.210000000000000000e+02 1.746597901887421500e+01
8.220000000000000000e+02 1.747698883527903746e+01
8.230000000000000000e+02 1.748799865168385992e+01
8.240000000000000000e+02 1.749900846808868238e+01
8.250000000000000000e+02 1.751001828449350484e+01
8.260000000000000000e+02 1.753213845479870514e+01
8.270000000000000000e+02 1.754315525269775833e+01
8.280000000000000000e+02 1.755417205059681152e+01
8.290000000000000000e+02 1.757632014687894184e+01
8.300000000000000000e+02 1.757620564639491789e+01
8.310000000000000000e+02 1.759836770566551323e+01
8.320000000000000000e+02 1.760939148505880070e+01
8.330000000000000000e+02 1.762041526445208817e+01
8.340000000000000000e+02 1.764260524969961352e+01
8.350000000000000000e+02 1.764246282323865955e+01
8.360000000000000000e+02 1.766466677147464992e+01
8.370000000000000000e+02 1.768688468269910885e+01
8.380000000000000000e+02 1.768672829324969342e+01
8.390000000000000000e+02 1.770896016746261381e+01
8.400000000000000000e+02 1.770878981502472982e+01
8.410000000000000000e+02 1.773103565222611522e+01
8.420000000000000000e+02 1.774207339460786770e+01
8.430000000000000000e+02 1.775311113698962373e+01
8.440000000000000000e+02 1.777538490016793915e+01
8.450000000000000000e+02 1.778642962404392236e+01
8.460000000000000000e+02 1.779747434791990557e+01
8.470000000000000000e+02 1.780851907179589233e+01
8.480000000000000000e+02 1.783082774244537205e+01
8.490000000000000000e+02 1.784187944781558954e+01
8.500000000000000000e+02 1.785293115318580703e+01
8.510000000000000000e+02 1.786398285855602097e+01
8.520000000000000000e+02 1.787503456392623846e+01
8.530000000000000000e+02 1.789738512354111677e+01
8.540000000000000000e+02 1.790844381040556499e+01
8.550000000000000000e+02 1.791950249727001676e+01
8.560000000000000000e+02 1.794188098286182509e+01
8.570000000000000000e+02 1.794161987099891320e+01
8.580000000000000000e+02 1.796401231957919009e+01
8.590000000000000000e+02 1.796373724472781674e+01
8.600000000000000000e+02 1.798614365629655154e+01
8.610000000000000000e+02 1.800856403085375490e+01
8.620000000000000000e+02 1.800827499301391654e+01
8.630000000000000000e+02 1.803070933055958491e+01
8.640000000000000000e+02 1.804178198041250170e+01
8.650000000000000000e+02 1.805285463026541493e+01
8.660000000000000000e+02 1.806392728011832816e+01
8.670000000000000000e+02 1.808639652513515728e+01
8.680000000000000000e+02 1.809747615648230834e+01
8.690000000000000000e+02 1.810855578782945230e+01
8.700000000000000000e+02 1.813105295882321855e+01
8.710000000000000000e+02 1.813071505052374732e+01
8.720000000000000000e+02 1.815322618450597503e+01
8.730000000000000000e+02 1.815287431321804235e+01
8.740000000000000000e+02 1.817539941018873506e+01
8.750000000000000000e+02 1.818648602303011685e+01
8.760000000000000000e+02 1.819757263587149509e+01
8.770000000000000000e+02 1.822012565881911428e+01
8.780000000000000000e+02 1.823121925315473035e+01
8.790000000000000000e+02 1.824231284749034288e+01
8.800000000000000000e+02 1.825340644182595895e+01
8.810000000000000000e+02 1.827599437224473888e+01
8.820000000000000000e+02 1.827559363049718044e+01
8.830000000000000000e+02 1.829819552390443249e+01
8.840000000000000000e+02 1.832081138030014955e+01
8.850000000000000000e+02 1.832039667556412610e+01
8.860000000000000000e+02 1.834302649494830106e+01
8.870000000000000000e+02 1.835413405227237860e+01
8.880000000000000000e+02 1.836524160959645968e+01
8.890000000000000000e+02 1.837634916692053366e+01
8.900000000000000000e+02 1.838745672424461475e+01
8.910000000000000000e+02 1.839856428156868873e+01
8.920000000000000000e+02 1.842124297141249656e+01
8.930000000000000000e+02 1.843235751023080837e+01
8.940000000000000000e+02 1.844347204904912019e+01
8.950000000000000000e+02 1.846617866486986159e+01
8.960000000000000000e+02 1.846570112668574382e+01
8.970000000000000000e+02 1.848842170549494668e+01
8.980000000000000000e+02 1.849954322580748922e+01
8.990000000000000000e+02 1.851066474612003532e+01
9.000000000000000000e+02 1.852178626643257786e+01
9.010000000000000000e+02 1.854454175271294503e+01
9.020000000000000000e+02 1.855567025451971830e+01
9.030000000000000000e+02 1.856679875632649157e+01
9.040000000000000000e+02 1.858958216858379231e+01
9.050000000000000000e+02 1.858905575994004522e+01
9.060000000000000000e+02 1.861185313518581097e+01
9.070000000000000000e+02 1.862298861848681852e+01
9.080000000000000000e+02 1.863412410178782608e+01
9.090000000000000000e+02 1.864525958508883363e+01
9.100000000000000000e+02 1.866809186780576368e+01
9.110000000000000000e+02 1.866753055169085229e+01
9.120000000000000000e+02 1.869037679739624380e+01
9.130000000000000000e+02 1.870151926219148208e+01
9.140000000000000000e+02 1.871266172698672392e+01
9.150000000000000000e+02 1.873553589866904900e+01
9.160000000000000000e+02 1.874668534495852157e+01
9.170000000000000000e+02 1.875783479124799413e+01
9.180000000000000000e+02 1.876898423753746670e+01
9.190000000000000000e+02 1.879189331669095253e+01
9.200000000000000000e+02 1.879128313011641538e+01
9.210000000000000000e+02 1.881420617225836622e+01
9.220000000000000000e+02 1.881358202269536406e+01
9.230000000000000000e+02 1.883651902782577992e+01
9.240000000000000000e+02 1.884767545560948321e+01
9.250000000000000000e+02 1.885883188339318650e+01
9.260000000000000000e+02 1.886998831117689335e+01
9.270000000000000000e+02 1.889296022377847351e+01
9.280000000000000000e+02 1.890412363305641463e+01
9.290000000000000000e+02 1.891528704233434866e+01
9.300000000000000000e+02 1.893828688091286239e+01
9.310000000000000000e+02 1.893761386089022736e+01
9.320000000000000000e+02 1.896062766245720255e+01
9.330000000000000000e+02 1.897179805322937440e+01
9.340000000000000000e+02 1.898296844400154271e+01
9.350000000000000000e+02 1.899413883477371456e+01
9.360000000000000000e+02 1.901718754381185050e+01
9.370000000000000000e+02 1.902836491607826019e+01
9.380000000000000000e+02 1.903954228834466278e+01
9.390000000000000000e+02 1.905071966061106536e+01
9.400000000000000000e+02 1.907380327712036916e+01
9.410000000000000000e+02 1.907307440514387409e+01
9.420000000000000000e+02 1.909617198464163579e+01
9.430000000000000000e+02 1.910735633840227621e+01
9.440000000000000000e+02 1.911854069216290952e+01
9.450000000000000000e+02 1.912972504592354994e+01
9.460000000000000000e+02 1.915285753289247594e+01
9.470000000000000000e+02 1.915209375344482012e+01
9.480000000000000000e+02 1.917524020340221469e+01
9.490000000000000000e+02 1.918643153865708229e+01
9.500000000000000000e+02 1.919762287391195343e+01
9.510000000000000000e+02 1.922079724984627802e+01
9.520000000000000000e+02 1.923199556659537990e+01
9.530000000000000000e+02 1.924319388334448178e+01
9.540000000000000000e+02 1.925439220009358365e+01
9.550000000000000000e+02 1.927760148349906899e+01
9.560000000000000000e+02 1.927678883359178741e+01
9.570000000000000000e+02 1.930001207998573776e+01
9.580000000000000000e+02 1.931121737822907392e+01
9.590000000000000000e+02 1.932242267647240652e+01
9.600000000000000000e+02 1.933362797471573913e+01
9.610000000000000000e+02 1.935688612858085733e+01
9.620000000000000000e+02 1.935603857120240789e+01
9.630000000000000000e+02 1.937931068805599111e+01
9.640000000000000000e+02 1.939052296779355800e+01
9.650000000000000000e+02 1.940173524753112133e+01
9.660000000000000000e+02 1.941294752726869177e+01
9.670000000000000000e+02 1.943625455159343574e+01
9.680000000000000000e+02 1.943537208674382555e+01
9.690000000000000000e+02 1.945869307405703452e+01
9.700000000000000000e+02 1.946991233528883214e+01
9.710000000000000000e+02 1.948113159652063331e+01
9.720000000000000000e+02 1.949235085775243448e+01
9.730000000000000000e+02 1.951570675253680776e+01
9.740000000000000000e+02 1.952693299526283965e+01
9.750000000000000000e+02 1.953815923798887155e+01
9.760000000000000000e+02 1.954938548071490345e+01
9.770000000000000000e+02 1.957277628297043748e+01
9.780000000000000000e+02 1.957183796616696725e+01
9.790000000000000000e+02 1.959524273141096984e+01
9.800000000000000000e+02 1.960647595563122891e+01
9.810000000000000000e+02 1.961770917985149509e+01
9.820000000000000000e+02 1.962894240407175772e+01
9.830000000000000000e+02 1.965238207678692106e+01
9.840000000000000000e+02 1.965140885251229008e+01
9.850000000000000000e+02 1.967486248821591488e+01
9.860000000000000000e+02 1.968610269393041534e+01
9.870000000000000000e+02 1.969734289964491225e+01
9.880000000000000000e+02 1.970858310535940916e+01
9.890000000000000000e+02 1.973207164853420181e+01
9.900000000000000000e+02 1.974331883574293300e+01
9.910000000000000000e+02 1.975456602295166419e+01
9.920000000000000000e+02 1.976581321016039183e+01
9.930000000000000000e+02 1.978933666080634879e+01
9.940000000000000000e+02 1.978830758457785066e+01
9.950000000000000000e+02 1.981184499821227263e+01
9.960000000000000000e+02 1.982309916691523455e+01
9.970000000000000000e+02 1.983435333561819647e+01
9.980000000000000000e+02 1.984560750432115839e+01
9.990000000000000000e+02 1.986917982542674110e+01
1.000000000000000000e+03 1.986811584172708223e+01
1.001000000000000000e+03 1.989170212582113351e+01
1.002000000000000000e+03 1.990296327601832616e+01
1.003000000000000000e+03 1.992657050459507317e+01
1.004000000000000000e+03 1.992548557641271856e+01
1.005000000000000000e+03 1.994910676797792703e+01
1.006000000000000000e+03 1.996037489966935397e+01
1.007000000000000000e+03 1.997164303136078445e+01
1.008000000000000000e+03 1.998291116305221138e+01
1.009000000000000000e+03 1.999417929474363831e+01
1.010000000000000000e+03 2.000544742643506879e+01
1.011000000000000000e+03 2.001671555812649572e+01
1.012000000000000000e+03 2.004039260164556779e+01
1.013000000000000000e+03 2.003925182150935314e+01
1.014000000000000000e+03 2.006294282801688666e+01
1.015000000000000000e+03 2.007421794120254788e+01
1.016000000000000000e+03 2.009792989219278070e+01
1.017000000000000000e+03 2.009676816757387030e+01
1.018000000000000000e+03 2.012049408155256813e+01
1.019000000000000000e+03 2.013177617623246363e+01
1.020000000000000000e+03 2.014305827091235557e+01
1.021000000000000000e+03 2.015434036559224751e+01
1.022000000000000000e+03 2.017810118704210964e+01
1.023000000000000000e+03 2.017690455495203139e+01
1.024000000000000000e+03 2.020067933939036209e+01
1.025000000000000000e+03 2.021196841556448831e+01
1.026000000000000000e+03 2.023576414448551475e+01
1.027000000000000000e+03 2.023454656791273720e+01
1.028000000000000000e+03 2.025835625982222865e+01
1.029000000000000000e+03 2.026965231749058916e+01
1.030000000000000000e+03 2.028094837515894966e+01
1.031000000000000000e+03 2.029224443282730306e+01
1.032000000000000000e+03 2.030354049049566356e+01
1.033000000000000000e+03 2.032739207137055004e+01
1.034000000000000000e+03 2.032613260583238102e+01
1.035000000000000000e+03 2.034999814969573606e+01
1.036000000000000000e+03 2.036130118885832019e+01
1.037000000000000000e+03 2.037260422802091142e+01
1.038000000000000000e+03 2.038390726718350265e+01
1.039000000000000000e+03 2.040780771851802200e+01
1.040000000000000000e+03 2.040651334550868512e+01
1.041000000000000000e+03 2.043042775983166592e+01
1.042000000000000000e+03 2.044173778048848789e+01
1.043000000000000000e+03 2.046567313929416798e+01
1.044000000000000000e+03 2.046435782180213891e+01
1.045000000000000000e+03 2.048830714359628047e+01
1.046000000000000000e+03 2.049962414574733671e+01
1.047000000000000000e+03 2.051094114789839296e+01
1.048000000000000000e+03 2.052225815004945275e+01
1.049000000000000000e+03 2.053357515220050544e+01
1.050000000000000000e+03 2.055756636296004558e+01
1.051000000000000000e+03 2.055620915650261793e+01
1.052000000000000000e+03 2.058021433025061953e+01
1.053000000000000000e+03 2.059153831389591005e+01
1.054000000000000000e+03 2.060286229754119702e+01
1.055000000000000000e+03 2.061418628118648755e+01
1.056000000000000000e+03 2.063822636240565345e+01
1.057000000000000000e+03 2.063683424847706505e+01
1.058000000000000000e+03 2.066088829268469595e+01
1.059000000000000000e+03 2.067221925782421721e+01
1.060000000000000000e+03 2.068355022296373846e+01
1.061000000000000000e+03 2.069488118810325972e+01
1.062000000000000000e+03 2.070621215324278097e+01
1.063000000000000000e+03 2.073030808641581046e+01
1.064000000000000000e+03 2.072887408352182348e+01
1.065000000000000000e+03 2.075298397968331798e+01
1.066000000000000000e+03 2.076432192631707352e+01
1.067000000000000000e+03 2.078845276696126376e+01
1.068000000000000000e+03 2.078699781958458104e+01
1.069000000000000000e+03 2.081114262321723274e+01
1.070000000000000000e+03 2.082248755134522611e+01
1.071000000000000000e+03 2.083383247947320882e+01
1.072000000000000000e+03 2.084517740760119509e+01
1.073000000000000000e+03 2.085652233572918135e+01
1.074000000000000000e+03 2.088070902832723164e+01
1.075000000000000000e+03 2.087921219198515743e+01
1.076000000000000000e+03 2.090341284757167273e+01
1.077000000000000000e+03 2.091476475719389327e+01
1.078000000000000000e+03 2.093898635726310786e+01
1.079000000000000000e+03 2.093746857643832726e+01
1.080000000000000000e+03 2.096170413949601397e+01
1.081000000000000000e+03 2.097306303061245814e+01
1.082000000000000000e+03 2.097152430530498890e+01
1.083000000000000000e+03 2.099578081284536779e+01
1.084000000000000000e+03 2.100713970396181907e+01
1.085000000000000000e+03 2.103141715598489725e+01
1.086000000000000000e+03 2.102985748619472162e+01
1.087000000000000000e+03 2.105414890120626126e+01
1.088000000000000000e+03 2.106551477381694681e+01
1.089000000000000000e+03 2.107688064642763237e+01
1.090000000000000000e+03 2.108824651903831437e+01
1.091000000000000000e+03 2.109961239164899638e+01
1.092000000000000000e+03 2.112394569562593460e+01
1.093000000000000000e+03 2.112234413687036749e+01
1.094000000000000000e+03 2.114669140383577073e+01
1.095000000000000000e+03 2.115806425794068701e+01
1.096000000000000000e+03 2.116943711204559975e+01
1.097000000000000000e+03 2.118080996615051959e+01
1.098000000000000000e+03 2.120519214058708712e+01
1.099000000000000000e+03 2.121657197618623769e+01
1.100000000000000000e+03 2.121492852846527200e+01
1.101000000000000000e+03 2.123933164738453172e+01
1.102000000000000000e+03 2.125071148298368229e+01
1.103000000000000000e+03 2.127513554638564486e+01
1.104000000000000000e+03 2.127347115418198342e+01
1.105000000000000000e+03 2.129790918057241100e+01
1.106000000000000000e+03 2.130929599766578875e+01
1.107000000000000000e+03 2.130761066097942802e+01
1.108000000000000000e+03 2.133206963185255489e+01
1.109000000000000000e+03 2.134345644894593619e+01
1.110000000000000000e+03 2.136793636430176235e+01
1.111000000000000000e+03 2.136623008313269878e+01
1.112000000000000000e+03 2.139072396147699351e+01
1.113000000000000000e+03 2.140211776006460198e+01
1.114000000000000000e+03 2.141351155865221756e+01
1.115000000000000000e+03 2.142490535723983314e+01
1.116000000000000000e+03 2.143629915582744516e+01
1.117000000000000000e+03 2.146083492313713137e+01
1.118000000000000000e+03 2.145908675300267632e+01
1.119000000000000000e+03 2.148363648330082398e+01
1.120000000000000000e+03 2.149503726338267029e+01
1.121000000000000000e+03 2.150643804346451660e+01
1.122000000000000000e+03 2.151783882354637001e+01
1.123000000000000000e+03 2.152923960362821276e+01
1.124000000000000000e+03 2.155383122289175901e+01
1.125000000000000000e+03 2.156523898446783960e+01
1.126000000000000000e+03 2.157664674604391308e+01
1.127000000000000000e+03 2.158805450762000078e+01
1.128000000000000000e+03 2.159946226919607426e+01
1.129000000000000000e+03 2.162409577742501909e+01
1.130000000000000000e+03 2.162227779234823544e+01
1.131000000000000000e+03 2.164692526356563818e+01
1.132000000000000000e+03 2.165834000663595660e+01
1.133000000000000000e+03 2.166975474970626436e+01
1.134000000000000000e+03 2.168116949277657568e+01
1.135000000000000000e+03 2.169258423584689055e+01
1.136000000000000000e+03 2.171727359602968832e+01
1.137000000000000000e+03 2.171541372198751674e+01
1.138000000000000000e+03 2.174011704515877952e+01
1.139000000000000000e+03 2.175153876972332512e+01
1.140000000000000000e+03 2.177626303737729074e+01
1.141000000000000000e+03 2.177438221885241632e+01
1.142000000000000000e+03 2.178580394341696547e+01
1.143000000000000000e+03 2.181054915555362328e+01
1.144000000000000000e+03 2.182197786161239961e+01
1.145000000000000000e+03 2.183340656767117949e+01
1.146000000000000000e+03 2.184483527372995226e+01
1.147000000000000000e+03 2.185626397978873570e+01
1.148000000000000000e+03 2.188105108089078854e+01
1.149000000000000000e+03 2.187912139190628835e+01
1.150000000000000000e+03 2.190392245599680976e+01
1.151000000000000000e+03 2.191535814354981682e+01
1.152000000000000000e+03 2.192679383110283453e+01
1.153000000000000000e+03 2.193822951865583804e+01
1.154000000000000000e+03 2.194966520620884864e+01
1.155000000000000000e+03 2.197450815926476864e+01
1.156000000000000000e+03 2.197253658131486986e+01
1.157000000000000000e+03 2.199739349735925487e+01
1.158000000000000000e+03 2.200883616640649620e+01
1.159000000000000000e+03 2.202027883545374110e+01
1.160000000000000000e+03 2.203172150450098599e+01
1.161000000000000000e+03 2.204316417354822377e+01
1.162000000000000000e+03 2.206806297855800736e+01
1.163000000000000000e+03 2.207951262909947943e+01
1.164000000000000000e+03 2.209096227964095505e+01
1.165000000000000000e+03 2.210241193018243422e+01
1.166000000000000000e+03 2.211386158072390273e+01
1.167000000000000000e+03 2.213880227469908135e+01
1.168000000000000000e+03 2.213676088180685753e+01
1.169000000000000000e+03 2.216171553877049405e+01
1.170000000000000000e+03 2.217317217080620395e+01
1.171000000000000000e+03 2.218462880284191030e+01
1.172000000000000000e+03 2.219608543487762375e+01
1.173000000000000000e+03 2.220754206691332655e+01
1.174000000000000000e+03 2.223253861284236166e+01
1.175000000000000000e+03 2.224400222637230584e+01
1.176000000000000000e+03 2.224191196302044915e+01
1.177000000000000000e+03 2.226692945343219066e+01
1.178000000000000000e+03 2.227839306696212418e+01
1.179000000000000000e+03 2.230343150185655787e+01
1.180000000000000000e+03 2.230132029402200899e+01
1.181000000000000000e+03 2.231278390755195318e+01
1.182000000000000000e+03 2.233784328692907906e+01
1.183000000000000000e+03 2.234931388195325042e+01
1.184000000000000000e+03 2.236078447697742533e+01
1.185000000000000000e+03 2.237225507200160024e+01
1.186000000000000000e+03 2.238372566702577160e+01
1.187000000000000000e+03 2.240882693536829606e+01
1.188000000000000000e+03 2.240666685707411432e+01
1.189000000000000000e+03 2.243178208840510734e+01
1.190000000000000000e+03 2.244325966492351299e+01
1.191000000000000000e+03 2.245473724144191863e+01
1.192000000000000000e+03 2.246621481796032782e+01
1.193000000000000000e+03 2.247769239447872991e+01
1.194000000000000000e+03 2.250284951477511441e+01
1.195000000000000000e+03 2.251433407278775434e+01
1.196000000000000000e+03 2.251212512403395039e+01
1.197000000000000000e+03 2.253730318881303418e+01
1.198000000000000000e+03 2.254878774682566700e+01
1.199000000000000000e+03 2.257398675608745009e+01
1.200000000000000000e+03 2.257175686285094685e+01
1.201000000000000000e+03 2.258324142086358677e+01
1.202000000000000000e+03 2.260846137460806560e+01
1.203000000000000000e+03 2.261995291411493270e+01
1.204000000000000000e+03 2.263144445362181045e+01
1.205000000000000000e+03 2.264293599312867400e+01
1.206000000000000000e+03 2.265442753263554820e+01
1.207000000000000000e+03 2.267968937534542562e+01
1.208000000000000000e+03 2.267741061164928595e+01
1.209000000000000000e+03 2.270268641734763548e+01
1.210000000000000000e+03 2.271418493834873331e+01
1.211000000000000000e+03 2.272568345934983824e+01
1.212000000000000000e+03 2.273718198035094318e+01
1.213000000000000000e+03 2.274868050135204101e+01
1.214000000000000000e+03 2.276017902235314949e+01
1.215000000000000000e+03 2.278550369851111412e+01
1.216000000000000000e+03 2.278317606435535936e+01
1.217000000000000000e+03 2.280851470350179255e+01
1.218000000000000000e+03 2.282002020599712466e+01
1.219000000000000000e+03 2.283152570849246388e+01
1.220000000000000000e+03 2.284303121098779599e+01
1.221000000000000000e+03 2.285453671348313520e+01
1.222000000000000000e+03 2.287991724159496698e+01
1.223000000000000000e+03 2.289142972558452982e+01
1.224000000000000000e+03 2.288905322096914574e+01
1.225000000000000000e+03 2.291445469356366971e+01
1.226000000000000000e+03 2.292596717755323965e+01
1.227000000000000000e+03 2.295138959463046291e+01
1.228000000000000000e+03 2.294899214553237243e+01
1.229000000000000000e+03 2.296050462952194948e+01
1.230000000000000000e+03 2.298594799108186493e+01
1.231000000000000000e+03 2.299746745656566915e+01
1.232000000000000000e+03 2.300898692204947338e+01
1.233000000000000000e+03 2.302050638753327050e+01
1.234000000000000000e+03 2.303202585301707472e+01
1.235000000000000000e+03 2.305751110354238875e+01
1.236000000000000000e+03 2.306903755052042726e+01
1.237000000000000000e+03 2.306658424946848029e+01
1.238000000000000000e+03 2.309209044447649006e+01
1.239000000000000000e+03 2.310361689145452857e+01
1.240000000000000000e+03 2.311514333843255997e+01
1.241000000000000000e+03 2.312666978541059848e+01
1.242000000000000000e+03 2.313819623238862988e+01
1.243000000000000000e+03 2.316374431636203823e+01
1.244000000000000000e+03 2.317527774483431102e+01
1.245000000000000000e+03 2.317277557332273119e+01
1.246000000000000000e+03 2.319834460177884239e+01
1.247000000000000000e+03 2.320987803025110807e+01
1.248000000000000000e+03 2.322141145872337376e+01
1.249000000000000000e+03 2.323294488719564299e+01
1.250000000000000000e+03 2.324447831566790867e+01
1.251000000000000000e+03 2.327008923308941490e+01
1.252000000000000000e+03 2.328162964305591487e+01
1.253000000000000000e+03 2.329317005302240773e+01
1.254000000000000000e+03 2.330471046298891480e+01
1.255000000000000000e+03 2.331625087295540766e+01
1.256000000000000000e+03 2.334190367934230892e+01
1.257000000000000000e+03 2.335345107080304317e+01
1.258000000000000000e+03 2.335087210285490755e+01
1.259000000000000000e+03 2.337654585372450811e+01
1.260000000000000000e+03 2.338809324518523880e+01
1.261000000000000000e+03 2.339964063664596949e+01
1.262000000000000000e+03 2.341118802810670019e+01
1.263000000000000000e+03 2.342273541956743088e+01
1.264000000000000000e+03 2.344845105940243002e+01
1.265000000000000000e+03 2.346000543235739144e+01
1.266000000000000000e+03 2.345737759394963007e+01
1.267000000000000000e+03 2.348311417826732139e+01
1.268000000000000000e+03 2.349466855122228282e+01
1.269000000000000000e+03 2.350622292417725134e+01
1.270000000000000000e+03 2.353198743447187269e+01
1.271000000000000000e+03 2.352933167008718129e+01
1.272000000000000000e+03 2.354088604304214627e+01
1.273000000000000000e+03 2.356667149781946335e+01
1.274000000000000000e+03 2.357823285226866261e+01
1.275000000000000000e+03 2.358979420671785832e+01
1.276000000000000000e+03 2.360135556116705402e+01
1.277000000000000000e+03 2.361291691561625328e+01
1.278000000000000000e+03 2.363874425935897250e+01
1.279000000000000000e+03 2.363603962451465179e+01
1.280000000000000000e+03 2.364760097896384394e+01
1.281000000000000000e+03 2.367344926718925535e+01
1.282000000000000000e+03 2.368501760313268534e+01
1.283000000000000000e+03 2.369658593907611888e+01
1.284000000000000000e+03 2.370815427501954886e+01
1.285000000000000000e+03 2.371972261096297530e+01
1.286000000000000000e+03 2.374561278815378529e+01
1.287000000000000000e+03 2.375718810559144600e+01
1.288000000000000000e+03 2.375442761879326881e+01
1.289000000000000000e+03 2.378033874046677454e+01
1.290000000000000000e+03 2.379191405790443525e+01
1.291000000000000000e+03 2.380348937534209597e+01
1.292000000000000000e+03 2.382942842299253527e+01
1.293000000000000000e+03 2.382664001021742450e+01
1.294000000000000000e+03 2.385259302085632527e+01
1.295000000000000000e+03 2.386417531978821671e+01
1.296000000000000000e+03 2.387575761872011526e+01
1.297000000000000000e+03 2.388733991765201026e+01
1.298000000000000000e+03 2.389892221658390525e+01
1.299000000000000000e+03 2.391050451551580380e+01
1.300000000000000000e+03 2.393650639661432677e+01
1.301000000000000000e+03 2.394809567704046316e+01
1.302000000000000000e+03 2.394525141231148524e+01
1.303000000000000000e+03 2.397127423789271461e+01
1.304000000000000000e+03 2.398286351831884389e+01
1.305000000000000000e+03 2.399445279874496606e+01
1.306000000000000000e+03 2.400604207917110244e+01
1.307000000000000000e+03 2.401763135959722462e+01
1.308000000000000000e+03 2.404369607414384902e+01
1.309000000000000000e+03 2.405529233606421258e+01
1.310000000000000000e+03 2.405239920087560535e+01
1.311000000000000000e+03 2.407848485990493259e+01
1.312000000000000000e+03 2.409008112182528905e+01
1.313000000000000000e+03 2.410167738374565261e+01
1.314000000000000000e+03 2.412779096875190277e+01
1.315000000000000000e+03 2.412486990758636551e+01
1.316000000000000000e+03 2.413646616950673263e+01
1.317000000000000000e+03 2.416260069899567853e+01
1.318000000000000000e+03 2.417420394241027282e+01
1.319000000000000000e+03 2.418580718582486710e+01
1.320000000000000000e+03 2.419741042923945429e+01
1.321000000000000000e+03 2.420901367265405568e+01
1.322000000000000000e+03 2.422061691606864287e+01
1.323000000000000000e+03 2.424680031601722163e+01
1.324000000000000000e+03 2.424382340289783144e+01
1.325000000000000000e+03 2.427002076583487167e+01
1.326000000000000000e+03 2.428163099074370024e+01
1.327000000000000000e+03 2.429324121565252170e+01
1.328000000000000000e+03 2.430485144056135027e+01
1.329000000000000000e+03 2.431646166547017884e+01
1.330000000000000000e+03 2.432807189037900031e+01
1.331000000000000000e+03 2.435431812377567695e+01
1.332000000000000000e+03 2.436593533017872915e+01
1.333000000000000000e+03 2.436290256510547891e+01
1.334000000000000000e+03 2.438916974298484774e+01
1.335000000000000000e+03 2.440078694938789994e+01
1.336000000000000000e+03 2.441240415579096634e+01
1.337000000000000000e+03 2.443869925964726164e+01
1.338000000000000000e+03 2.443563856859707784e+01
1.339000000000000000e+03 2.444725577500013713e+01
1.340000000000000000e+03 2.447357182333913173e+01
1.341000000000000000e+03 2.448519601123642531e+01
1.342000000000000000e+03 2.448210739420930793e+01
1.343000000000000000e+03 2.450844438703100536e+01
1.344000000000000000e+03 2.452006857492829894e+01
1.345000000000000000e+03 2.453169276282558542e+01
1.346000000000000000e+03 2.455805768162421643e+01
1.347000000000000000e+03 2.455494113862016903e+01
1.348000000000000000e+03 2.458132002040726150e+01
1.349000000000000000e+03 2.459295118979878580e+01
1.350000000000000000e+03 2.460458235919030301e+01
1.351000000000000000e+03 2.461621352858183087e+01
1.352000000000000000e+03 2.462784469797335163e+01
1.353000000000000000e+03 2.463947586736487949e+01
1.354000000000000000e+03 2.466590361961159772e+01
1.355000000000000000e+03 2.467754177049734921e+01
1.356000000000000000e+03 2.467436937553944887e+01
1.357000000000000000e+03 2.470081807226886284e+01
1.358000000000000000e+03 2.471245622315461787e+01
1.359000000000000000e+03 2.472409437404037647e+01
1.360000000000000000e+03 2.475057099674672045e+01
1.361000000000000000e+03 2.474737067581189010e+01
1.362000000000000000e+03 2.475900882669764513e+01
1.363000000000000000e+03 2.478550639388668841e+01
1.364000000000000000e+03 2.479715152626667773e+01
1.365000000000000000e+03 2.480879665864666350e+01
1.366000000000000000e+03 2.482044179102665638e+01
1.367000000000000000e+03 2.483208692340664214e+01
1.368000000000000000e+03 2.484373205578663146e+01
1.369000000000000000e+03 2.487027849343530761e+01
1.370000000000000000e+03 2.488193060730952766e+01
1.371000000000000000e+03 2.487866745292659942e+01
1.372000000000000000e+03 2.490523483505796776e+01
1.373000000000000000e+03 2.491688694893218781e+01
1.374000000000000000e+03 2.492853906280641141e+01
1.375000000000000000e+03 2.494019117668063501e+01
1.376000000000000000e+03 2.495184329055485506e+01
1.377000000000000000e+03 2.496349540442907511e+01
1.378000000000000000e+03 2.499011165702007276e+01
1.379000000000000000e+03 2.500177075238852709e+01
1.380000000000000000e+03 2.499845174605173881e+01
1.381000000000000000e+03 2.502508894312543930e+01
1.382000000000000000e+03 2.503674803849389008e+01
1.383000000000000000e+03 2.504840713386234086e+01
1.384000000000000000e+03 2.507507225691297137e+01
1.385000000000000000e+03 2.507172532459924952e+01
1.386000000000000000e+03 2.508338441996770740e+01
1.387000000000000000e+03 2.511007048750102655e+01
1.388000000000000000e+03 2.512173656436371516e+01
1.389000000000000000e+03 2.513340264122640377e+01
1.390000000000000000e+03 2.514506871808909239e+01
1.391000000000000000e+03 2.515673479495177745e+01
1.392000000000000000e+03 2.516840087181445895e+01
1.393000000000000000e+03 2.519513580980741452e+01
1.394000000000000000e+03 2.520680886816433386e+01
1.395000000000000000e+03 2.520339910240252124e+01
1.396000000000000000e+03 2.523015498487817609e+01
1.397000000000000000e+03 2.524182804323508833e+01
1.398000000000000000e+03 2.525350110159201478e+01
1.399000000000000000e+03 2.526517415994892701e+01
1.400000000000000000e+03 2.527684721830584635e+01
1.401000000000000000e+03 2.528852027666276925e+01
1.402000000000000000e+03 2.531532502959804276e+01
1.403000000000000000e+03 2.532700506944919994e+01
1.404000000000000000e+03 2.533868510930035001e+01
1.405000000000000000e+03 2.535036514915150008e+01
1.406000000000000000e+03 2.536204518900265725e+01
1.407000000000000000e+03 2.537372522885380377e+01
1.408000000000000000e+03 2.538540526870495739e+01
1.409000000000000000e+03 2.541226587359409805e+01
1.410000000000000000e+03 2.540876534840726109e+01
1.411000000000000000e+03 2.542044538825841471e+01
1.412000000000000000e+03 2.544732693763024756e+01
1.413000000000000000e+03 2.545901395897563901e+01
1.414000000000000000e+03 2.545548550781186492e+01
1.415000000000000000e+03 2.548238800166640061e+01
1.416000000000000000e+03 2.549407502301178852e+01
1.417000000000000000e+03 2.550576204435716932e+01
1.418000000000000000e+03 2.553269246418864213e+01
1.419000000000000000e+03 2.552913608704793802e+01
1.420000000000000000e+03 2.554082310839332592e+01
1.421000000000000000e+03 2.556777447270749093e+01
1.422000000000000000e+03 2.557946847554710246e+01
1.423000000000000000e+03 2.559116247838672464e+01
1.424000000000000000e+03 2.560285648122633972e+01
1.425000000000000000e+03 2.561455048406595481e+01
1.426000000000000000e+03 2.562624448690557344e+01
1.427000000000000000e+03 2.565324472167936420e+01
1.428000000000000000e+03 2.566494570601321712e+01
1.429000000000000000e+03 2.566132649542441868e+01
1.430000000000000000e+03 2.568834767468091229e+01
1.431000000000000000e+03 2.570004865901476165e+01
1.432000000000000000e+03 2.571174964334861102e+01
1.433000000000000000e+03 2.572345062768246393e+01
1.434000000000000000e+03 2.575050671441011474e+01
1.435000000000000000e+03 2.574685259635015910e+01
1.436000000000000000e+03 2.575855358068400847e+01
1.437000000000000000e+03 2.578563061189435857e+01
1.438000000000000000e+03 2.579733857772244576e+01
1.439000000000000000e+03 2.580904654355052230e+01
1.440000000000000000e+03 2.582075450937860950e+01
1.441000000000000000e+03 2.583246247520668959e+01
1.442000000000000000e+03 2.584417044103476968e+01
1.443000000000000000e+03 2.587129634270475265e+01
1.444000000000000000e+03 2.588301129002706347e+01
1.445000000000000000e+03 2.587929433851901706e+01
1.446000000000000000e+03 2.590644118467169577e+01
1.447000000000000000e+03 2.591815613199400659e+01
1.448000000000000000e+03 2.592987107931632806e+01
1.449000000000000000e+03 2.594158602663863888e+01
1.450000000000000000e+03 2.595330097396094970e+01
1.451000000000000000e+03 2.596501592128326763e+01
1.452000000000000000e+03 2.597673086860557845e+01
1.453000000000000000e+03 2.600393356671212075e+01
1.454000000000000000e+03 2.601565549552866585e+01
1.455000000000000000e+03 2.601187571057252512e+01
1.456000000000000000e+03 2.603909935316176316e+01
1.457000000000000000e+03 2.605082128197830826e+01
1.458000000000000000e+03 2.606254321079485692e+01
1.459000000000000000e+03 2.608979477936102143e+01
1.460000000000000000e+03 2.608598706842795067e+01
1.461000000000000000e+03 2.609770899724449933e+01
1.462000000000000000e+03 2.612498151029335958e+01
1.463000000000000000e+03 2.613671042060414607e+01
1.464000000000000000e+03 2.614843933091492190e+01
1.465000000000000000e+03 2.616016824122570483e+01
1.466000000000000000e+03 2.617189715153648422e+01
1.467000000000000000e+03 2.618362606184726360e+01
1.468000000000000000e+03 2.619535497215804298e+01
1.469000000000000000e+03 2.622268333716076683e+01
1.470000000000000000e+03 2.621881279277960175e+01
1.471000000000000000e+03 2.623054170309038113e+01
1.472000000000000000e+03 2.625789101257580427e+01
1.473000000000000000e+03 2.626962690438082149e+01
1.474000000000000000e+03 2.628136279618582805e+01
1.475000000000000000e+03 2.629309868799084171e+01
1.476000000000000000e+03 2.630483457979585538e+01
1.477000000000000000e+03 2.631657047160086904e+01
1.478000000000000000e+03 2.632830636340587915e+01
1.479000000000000000e+03 2.635571152484516233e+01
1.480000000000000000e+03 2.636745439814441028e+01
1.481000000000000000e+03 2.636351403882091660e+01
1.482000000000000000e+03 2.639094014474289907e+01
1.483000000000000000e+03 2.640268301804214701e+01
1.484000000000000000e+03 2.641442589134138785e+01
1.485000000000000000e+03 2.644187992324030034e+01
1.486000000000000000e+03 2.643791163793988019e+01
1.487000000000000000e+03 2.644965451123912459e+01
1.488000000000000000e+03 2.646139738453837253e+01
1.489000000000000000e+03 2.648887934241420794e+01
1.490000000000000000e+03 2.650062919720769372e+01
1.491000000000000000e+03 2.651237905200116529e+01
1.492000000000000000e+03 2.652412890679464397e+01
1.493000000000000000e+03 2.653587876158812264e+01
1.494000000000000000e+03 2.654762861638159421e+01
1.495000000000000000e+03 2.657515944471707314e+01
1.496000000000000000e+03 2.658691628100477899e+01
1.497000000000000000e+03 2.658287818076203379e+01
1.498000000000000000e+03 2.661042995358020136e+01
1.499000000000000000e+03 2.662218678986791076e+01
1.500000000000000000e+03 2.663394362615562727e+01
1.501000000000000000e+03 2.664570046244333312e+01
1.502000000000000000e+03 2.665745729873104253e+01
1.503000000000000000e+03 2.666921413501875548e+01
1.504000000000000000e+03 2.668097097130646134e+01
1.505000000000000000e+03 2.670857859607849605e+01
1.506000000000000000e+03 2.672034241386043618e+01
1.507000000000000000e+03 2.673210623164237987e+01
1.508000000000000000e+03 2.674387004942432355e+01
1.509000000000000000e+03 2.675563386720626369e+01
1.510000000000000000e+03 2.676739768498821093e+01
1.511000000000000000e+03 2.677916150277015106e+01
1.512000000000000000e+03 2.680682497949604226e+01
1.513000000000000000e+03 2.680268913833403843e+01
1.514000000000000000e+03 2.681445295611597857e+01
1.515000000000000000e+03 2.684213737732456906e+01
1.516000000000000000e+03 2.685390817660073992e+01
1.517000000000000000e+03 2.686567897587691789e+01
1.518000000000000000e+03 2.687744977515309586e+01
1.519000000000000000e+03 2.688922057442926672e+01
1.520000000000000000e+03 2.690099137370544824e+01
1.521000000000000000e+03 2.691276217298161910e+01
1.522000000000000000e+03 2.694050244614406964e+01
1.523000000000000000e+03 2.695228022691447833e+01
1.524000000000000000e+03 2.694807457081014235e+01
1.525000000000000000e+03 2.697583578845529573e+01
1.526000000000000000e+03 2.698761356922570087e+01
1.527000000000000000e+03 2.699939134999610957e+01
1.528000000000000000e+03 2.701116913076651826e+01
1.529000000000000000e+03 2.702294691153692341e+01
1.530000000000000000e+03 2.703472469230733566e+01
1.531000000000000000e+03 2.704650247307774080e+01
1.532000000000000000e+03 2.707431954267675067e+01
1.533000000000000000e+03 2.708610430494139365e+01
1.534000000000000000e+03 2.709788906720602597e+01
1.535000000000000000e+03 2.709361359615937914e+01
1.536000000000000000e+03 2.712145859173531193e+01
1.537000000000000000e+03 2.713324335399995135e+01
1.538000000000000000e+03 2.714502811626459433e+01
1.539000000000000000e+03 2.715681287852923020e+01
1.540000000000000000e+03 2.718469278157633795e+01
1.541000000000000000e+03 2.718038240305851616e+01
1.542000000000000000e+03 2.719216716532315559e+01
1.543000000000000000e+03 2.722006801285295552e+01
1.544000000000000000e+03 2.723185975661182567e+01
1.545000000000000000e+03 2.724365150037070649e+01
1.546000000000000000e+03 2.725544324412957309e+01
1.547000000000000000e+03 2.726723498788845035e+01
1.548000000000000000e+03 2.727902673164732050e+01
1.549000000000000000e+03 2.729081847540619066e+01
1.550000000000000000e+03 2.731877517488985774e+01
1.551000000000000000e+03 2.733057390014295862e+01
1.552000000000000000e+03 2.732619370668281533e+01
1.553000000000000000e+03 2.735417135064917460e+01
1.554000000000000000e+03 2.736597007590227548e+01
1.555000000000000000e+03 2.737776880115539058e+01
1.556000000000000000e+03 2.738956752640849146e+01
1.557000000000000000e+03 2.740136625166159590e+01
1.558000000000000000e+03 2.741316497691470389e+01
1.559000000000000000e+03 2.742496370216780477e+01
1.560000000000000000e+03 2.745299719808802763e+01
1.561000000000000000e+03 2.746480290483536635e+01
1.562000000000000000e+03 2.747660861158270507e+01
1.563000000000000000e+03 2.747215860318023317e+01
1.564000000000000000e+03 2.750022002507738250e+01
1.565000000000000000e+03 2.751202573182472122e+01
1.566000000000000000e+03 2.752383143857205994e+01
1.567000000000000000e+03 2.753563714531939866e+01
1.568000000000000000e+03 2.756373347468770874e+01
1.569000000000000000e+03 2.755924855881407609e+01
1.570000000000000000e+03 2.757105426556141481e+01
1.571000000000000000e+03 2.759917153941242063e+01
1.572000000000000000e+03 2.761098422765399363e+01
1.573000000000000000e+03 2.762279691589556307e+01
1.574000000000000000e+03 2.763460960413713607e+01
1.575000000000000000e+03 2.764642229237870907e+01
1.576000000000000000e+03 2.765823498062027497e+01
1.577000000000000000e+03 2.767004766886184797e+01
1.578000000000000000e+03 2.769822079466671738e+01
1.579000000000000000e+03 2.771004046440252466e+01
1.580000000000000000e+03 2.770548573358656341e+01
1.581000000000000000e+03 2.771729842182813286e+01
1.582000000000000000e+03 2.774549947360993229e+01
1.583000000000000000e+03 2.775731914334573958e+01
1.584000000000000000e+03 2.776913881308154330e+01
1.585000000000000000e+03 2.778095848281734703e+01
1.586000000000000000e+03 2.779277815255314721e+01
1.587000000000000000e+03 2.780459782228895804e+01
1.588000000000000000e+03 2.781641749202475467e+01
1.589000000000000000e+03 2.784467439576042125e+01
1.590000000000000000e+03 2.785650104699045926e+01
1.591000000000000000e+03 2.786832769822049016e+01
1.592000000000000000e+03 2.788015434945053173e+01
1.593000000000000000e+03 2.789198100068056263e+01
1.594000000000000000e+03 2.790380765191060419e+01
1.595000000000000000e+03 2.791563430314063865e+01
1.596000000000000000e+03 2.794394705883015817e+01
1.597000000000000000e+03 2.793928760560071112e+01
1.598000000000000000e+03 2.795111425683074913e+01
1.599000000000000000e+03 2.796294090806078003e+01
1.600000000000000000e+03 2.799128158972723668e+01
1.601000000000000000e+03 2.800311522245150186e+01
1.602000000000000000e+03 2.801494885517577771e+01
1.603000000000000000e+03 2.802678248790004290e+01
1.604000000000000000e+03 2.803861612062431163e+01
1.605000000000000000e+03 2.805044975334858037e+01
1.606000000000000000e+03 2.806228338607284556e+01
1.607000000000000000e+03 2.809067991969316580e+01
1.608000000000000000e+03 2.810252053391166527e+01
1.609000000000000000e+03 2.809778428424565533e+01
1.610000000000000000e+03 2.810961791696992407e+01
1.611000000000000000e+03 2.813804237656716722e+01
1.612000000000000000e+03 2.814988299078567735e+01
1.613000000000000000e+03 2.816172360500417327e+01
1.614000000000000000e+03 2.817356421922267629e+01
1.615000000000000000e+03 2.818540483344117575e+01
1.616000000000000000e+03 2.819724544765967522e+01
1.617000000000000000e+03 2.820908606187818179e+01
1.618000000000000000e+03 2.823756637342928144e+01
1.619000000000000000e+03 2.824941396914201874e+01
1.620000000000000000e+03 2.826126156485475605e+01
1.621000000000000000e+03 2.825644851875218322e+01
1.622000000000000000e+03 2.828495675628022354e+01
1.623000000000000000e+03 2.829680435199295374e+01
1.624000000000000000e+03 2.830865194770569104e+01
1.625000000000000000e+03 2.832049954341842835e+01
1.626000000000000000e+03 2.834904268841761876e+01
1.627000000000000000e+03 2.834419473484389584e+01
1.628000000000000000e+03 2.835604233055662604e+01
1.629000000000000000e+03 2.838460642003852286e+01
1.630000000000000000e+03 2.839646099724549089e+01
1.631000000000000000e+03 2.840831557445245181e+01
1.632000000000000000e+03 2.842017015165942695e+01
1.633000000000000000e+03 2.843202472886638787e+01
1.634000000000000000e+03 2.844387930607335591e+01
1.635000000000000000e+03 2.845573388328032394e+01
1.636000000000000000e+03 2.846758846048728842e+01
1.637000000000000000e+03 2.849621538341728311e+01
1.638000000000000000e+03 2.850807694211847831e+01
1.639000000000000000e+03 2.850315219210818896e+01
1.640000000000000000e+03 2.853180005952088294e+01
1.641000000000000000e+03 2.854366161822207459e+01
1.642000000000000000e+03 2.855552317692328046e+01
1.643000000000000000e+03 2.856738473562447567e+01
1.644000000000000000e+03 2.857924629432567798e+01
1.645000000000000000e+03 2.859110785302687674e+01
1.646000000000000000e+03 2.860296941172806839e+01
1.647000000000000000e+03 2.861483097042927426e+01
1.648000000000000000e+03 2.864354167129005191e+01
1.649000000000000000e+03 2.865541021148548850e+01
1.650000000000000000e+03 2.866727875168091799e+01
1.651000000000000000e+03 2.866227720523406930e+01
1.652000000000000000e+03 2.869101583207178408e+01
1.653000000000000000e+03 2.870288437226721356e+01
1.654000000000000000e+03 2.871475291246264661e+01
1.655000000000000000e+03 2.872662145265807965e+01
1.656000000000000000e+03 2.875539498696695517e+01
1.657000000000000000e+03 2.875035853304894573e+01
1.658000000000000000e+03 2.876222707324437522e+01
1.659000000000000000e+03 2.879102155203595004e+01
1.660000000000000000e+03 2.880289707372561381e+01
1.661000000000000000e+03 2.881477259541527758e+01
1.662000000000000000e+03 2.882664811710494490e+01
1.663000000000000000e+03 2.883852363879460512e+01
1.664000000000000000e+03 2.885039916048427244e+01
1.665000000000000000e+03 2.886227468217393266e+01
1.666000000000000000e+03 2.887415020386359998e+01
1.667000000000000000e+03 2.890300751610327268e+01
1.668000000000000000e+03 2.891489001928716362e+01
1.669000000000000000e+03 2.892677252247106168e+01
1.670000000000000000e+03 2.892165229062225862e+01
1.671000000000000000e+03 2.895053752883885778e+01
1.672000000000000000e+03 2.896242003202275583e+01
1.673000000000000000e+03 2.897430253520664678e+01
1.674000000000000000e+03 2.898618503839054483e+01
1.675000000000000000e+03 2.901510518407830830e+01
1.676000000000000000e+03 2.900995004475834094e+01
1.677000000000000000e+03 2.902183254794223899e+01
1.678000000000000000e+03 2.903371505112613704e+01
1.679000000000000000e+03 2.906266312279083053e+01
1.680000000000000000e+03 2.907455260746895931e+01
1.681000000000000000e+03 2.908644209214708809e+01
1.682000000000000000e+03 2.909833157682521687e+01
1.683000000000000000e+03 2.911022106150334565e+01
1.684000000000000000e+03 2.912211054618148154e+01
1.685000000000000000e+03 2.913400003085960321e+01
1.686000000000000000e+03 2.914588951553773200e+01
1.687000000000000000e+03 2.917490042065051981e+01
1.688000000000000000e+03 2.916966848489398956e+01
1.689000000000000000e+03 2.918155796957212544e+01
1.690000000000000000e+03 2.921058981916760544e+01
1.691000000000000000e+03 2.922248628533996850e+01
1.692000000000000000e+03 2.923438275151233157e+01
1.693000000000000000e+03 2.924627921768469108e+01
1.694000000000000000e+03 2.925817568385705769e+01
1.695000000000000000e+03 2.927007215002942075e+01
1.696000000000000000e+03 2.928196861620178026e+01
1.697000000000000000e+03 2.929386508237414688e+01
1.698000000000000000e+03 2.930576154854650284e+01
1.699000000000000000e+03 2.933486321308431855e+01
